2022-09-26 21:10:34
linear_regression:
r2 = 0.44921273277834484
MSE = 0.030447517334640656
RMSE = 0.17449216983761953
slope : [0.0022777665010216795, -0.005459103394937797, 0.00011575592178672228, 3.895382116970292e-05, -7.590109140681571, -0.19598436539538044]
intercept : 6.983907352217839

2022-09-26 21:10:34
lasso:
r2 = 0.3831894533249577
MSE = 0.03409728388750079
RMSE = 0.18465449869283115
slope : [0.0009249827884829486, -0.005737735485770064, 0.0008540963219160728, 0.0, -0.0, -0.0]
intercept : 3.33668243045762

2022-09-26 21:10:34
polynomial:
degree :2
r2 = 0.7832489013570065
MSE = 0.011981999632135788
RMSE = 0.1094623206045614
slope : [5.2430007197026096e-08, 0.24825707218147106, 0.18745006984500837, -0.003940369744228802, -0.014895349625901343, -130.54953107221937, 36.34483788414861, -7.022702885800417e-05, 0.0006854644411507542, -0.0007244485587372345, 0.00012322754234465357, -1.3353254508755181, 0.3816875627078552, -9.55094254914135e-05, 5.173444161853807e-06, -1.4729134526186849e-05, -0.21363252439120217, 0.034250314919354215, 2.3735173469012797e-06, 9.321736234996214e-07, 0.003772596585310886, 0.0013246931023702874, 3.6018524518371953e-06, 0.04481882340285061, 0.0003246305912005672, 286.3406789377257, -126.2339755657016, 7.720221025907694]
intercept : -19.999563782673278

