2022-09-26 21:11:23
linear_regression:
r2 = 0.07465096020556095
MSE = 384.7529398095098
RMSE = 19.615120183407235
slope : [0.10588980221768547, -0.23654272071734572, 0.03694045209561257, -24.55878959292673, 248.06350169408557, 0.00018579364666455357, 13.869134792621967, 0.007398975593967683, 0.0025208776918709264, -0.012710287250728196, -0.024101801181976575, -150.56942402510336, -31.74240372314228]
intercept : 225.94354181866174

2022-09-26 21:11:23
lasso:
r2 = 0.0739110641230466
MSE = 385.0605828508471
RMSE = 19.622960603610434
slope : [0.11076603710617165, -0.24184474499511086, 0.02017781729759093, 0.0, 0.0, 0.0002335789894208327, 0.0, 0.00919991401605538, 0.004267315143278116, 0.01785270565520804, -0.03335516454825156, -0.0, -0.0]
intercept : 135.49006131308693

2022-09-26 21:11:23
polynomial:
degree :2
r2 = -0.8380473196700209
MSE = 764.2457919544926
RMSE = 27.644995785033004
slope : [-116533612.81650156, -42.94468499355588, 19.139797108301103, 11.82472448159653, 39653.28926458345, -20481.57772364675, -8.818016626391262, -887.2371003158618, -2.3547341893915728, -0.5181467660776261, -16.37737772844955, 20.50955842376864, -21071.0122317825, 7115.379781421074, 0.0002321434062178859, 0.025822999298098146, 0.07104593205501926, 34.946581758529355, -1.7250204361804842, -0.0025788422616605158, 3.1884285432263746, 0.0007438225164907164, 0.0026370902522607573, 0.009934781368454028, 0.0063002340501524395, 7.356098363269138, 32.723671843385304, -0.018748349308448056, -0.04476558959916874, -8.11503504611913, 9.144832215863518, 0.012451418635617911, -0.5684656931614538, -0.0009133506182479323, -1.9897252059308812e-05, 0.01631099631322286, -0.011450468922703294, 1.536304014324223, -2.019165481934465, 0.013497950066039266, -40.26660541189475, 71.2826155030134, 0.012100953990511698, 0.7707102524186684, -0.0031808550220375764, -0.0013389724736043718, 0.04444181823151894, -0.03258953815793575, 43.99195396478599, -12.02999179818297, 14741.974470454657, 186598.2652241867, 8.95439469495739, 1550.6818231131242, -13.931842098583331, 0.7088773907814812, -1.3631763047422005, -7.390019632665304, -89078.82325492747, 22378.342079795777, 28865.093839086625, 46.077589878996505, 2686.161862269845, 6.898075267009759, -1.8493595392216093, -121.9867477169341, 75.53069317018935, 86056.11186925034, -61163.39200711922, 2.998569016199326e-06, -5.196320678863838, 0.0003773178486881079, 0.0002704253720366978, 0.009467884954574401, -0.004022468569019111, -10.799662966832898, 17.076141200343102, 36.469416873599116, 0.10796074288305135, 0.049143459326842276, 0.22505009299484158, 4.730972292703321, 1063.823534861084, 760.2454753655231, 1.6395279089920223e-05, 7.89475416240748e-06, 0.0013441581513689016, 0.001591793784427864, 5.533718162738978, -0.092398209784335, 8.767758572503226e-06, 0.0003271486921221367, -0.0003769473587453831, 0.39387529888540485, 0.6589594105596461, -0.0014018216734257294, 0.0031232141917882927, 8.321284071716562, 1.660507581153034, -0.006002798098961648, -7.398280385198461, -25.011743515427405, 27874.26824151004, -26483.519288578027, 6048.74231880789]
intercept : 116534076.89326245

